 
     +---+---+---+---+---+---+---+---+---+---+---+---+
     | 25| 26| 27| 28| 29| 30| 31| 32| 33| 34| 35| 36|
     +---+---+---+---+---+---+---+---+---+---+---+---+       +---+---+---+---+---+---+---+
     | 24|                                       | 37|       | 72| 73| 74| 75| 76| 77| 78|
     +---+                               +---+---+---+   +---+---+---+---+---+---+---+---+
     | 23|                               | 40| 39| 38|   | 58| 59|                   | 79|
     +---+                           +---+---+---+---+---+---+---+   +---+---+       +---+
     | 22|                           | 41|           | 57|   | 60|   | 62| 63|       | 80|
 +---+---+                           +---+       +---+---+   +---+---+---+---+---+   +---+
 | 20| 21|                           | 42|       | 56|           | 61|       | 64|   | 81|
 +---+---+                           +---+       +---+           +---+       +---+   +---+
 | 19|                               | 43|       | 55|                       | 65|   | 82|
 +---+---+---+---+---+---+---+---+---+---+---+---+---+       +---+---+---+---+---+   +---+
 | 18| 44| 45| 46| 47| 48| 49| 50| 51| 52| 53| 54|           | 69| 68| 67| 66|       | 83|
 +---+---+---+---+---+---+---+---+---+---+---+---+           +---+---+---+---+       +---+
 | 17|                                                       | 70|                   | 84|
 +---+                                                       +---+                   +---+
 | 16|                                                       | 71|                   | 85|
 +---+       +---+---+---+---+---+---+---+---+---+---+---+---+---+---+---+---+---+---+---+
 | 15|       |104|103|102|101|100| 99| 98| 97| 96| 95| 94| 93| 92| 91| 90| 89| 88| 87| 86|
 +---+       +---+---+---+---+---+---+---+---+---+---+---+---+---+---+---+---+---+---+---+
 | 14|       |105|
 +---+       +---+
 | 13|       |106|
 +---+       +---+               +---+---+---+---+---+---+---+---+---+---+---+---+---+---+---+
 | 12|       |107|               |132|133|134|135|136|137|138|139|140|141|142|143|144|145|146|
 +---+       +---+               +---+---+---+---+---+---+---+---+---+---+---+---+---+---+---+
 | 11|       |108|                                                                       |147|
 +---+       +---+                                                                       +---+
 | 10|       |109|                                                                       |148|
 +---+       +---+               +---+---+---+---+---+---+---+---+---+---+---+---+---+---+---+
 | 9 |       |110|               |124|125|126|127|128|129|130|131|155|154|153|152|151|150|149|
 +---+       +---+   +---+       +---+---+---+---+---+---+---+---+---+---+---+---+---+---+---+
 | 8 |       |111|   |115|                                       |156|                   |163|
 +---+       +---+---+---+                                       +---+                   +---+
 | 7 |       |112|113|114|                                       |157|                   |164|
 +---+       +---+---+---+       +---+---+---+---+---+---+---+---+---+---+---+           +---+
 | 6 |                           |116|117|118|119|120|121|122|123|158|159|160|           |165|
 +---+                           +---+---+---+---+---+---+---+---+---+---+---+           +---+
 | 5 |                                                                   |161|           |166|
 +---+                                                                   +---+           +---+
 | 4 |                                                                   |162|           |167|
 +---+---+---+-------+---+---+---+---+---+---+---+---+---+---+---+---+---+---+---+---+---+---+
 | 3 | 2 | 1 |   0   |185|184|183|182|181|180|179|178|177|176|175|174|173|172|171|170|169|168|
 +---+---+---+-------+---+---+---+---+---+---+---+---+---+---+---+---+---+---+---+---+---+---+
